2 0.5268462206381738 0.32452165082830586 0.0328469080588973 0.03219083326220874
2 0.5281082094704296 0.5526777397689673 0.0408066340523698 0.04031801430091129
2 0.5902132109366507 0.6411448735360409 0.03404758788941402 0.03358511717938638
2 0.4612056768885937 0.5628307278011325 0.04485363854437328 0.0461333247842776
2 0.6541620602842644 0.7995090147607222 0.047313865698227 0.047130314615645
2 0.6128809596653393 0.7919162060875244 0.033350604912786075 0.03203188781590794
2 0.4500697512508265 0.736347042470341 0.05250247906885068 0.056131382724264614
2 0.5398035119293729 0.8572652079232536 0.05060495190109027 0.05318393897355011
2 0.4896272822124564 0.9185326631322356 0.06222578833801 0.06370249805571007
2 0.29737817343170336 0.8611283957686766 0.04434977214125393 0.04629220070063684
