2 0.48387186527252196 0.25445587635040284 0.013394021987915039 0.01970645586649577
2 0.5166179418563843 0.24269958337148032 0.01343846321105957 0.021634531021118165
2 0.508479642868042 0.29114267031351726 0.017923355102539062 0.01799173355102539
2 0.5190328121185303 0.35852513313293455 0.020997238159179688 0.02592185338338216
2 0.7746024847030639 0.15514055093129475 0.021379804611206053 0.023899412155151366
2 0.6307762622833252 0.45553695360819496 0.021251487731933593 0.012412738800048829
2 0.6794407844543457 0.4776918888092041 0.006200313568115234 0.01593186060587565
2 0.7314539909362793 0.43087917963663735 0.007800674438476563 0.019881375630696616
2 0.7434042692184448 0.48173576990763345 0.015412473678588867 0.01623369852701823
2 0.6639646291732788 0.5403243859608968 0.013936376571655274 0.03400729497273763
2 0.6726532697677612 0.5817087173461915 0.021477937698364258 0.018430455525716146
2 0.6951069355010986 0.6199255625406901 0.026192569732666017 0.024569066365559895
2 0.7535549402236938 0.57261168162028 0.024626874923706056 0.0125823974609375
2 0.8466776847839356 0.4826848347981771 0.020232200622558594 0.02037811279296875
