2 0.4218418598175049 0.511514441172282 0.039653873443603514 0.05014845530192057
2 0.4170833587646484 0.6218409856160482 0.03648157119750976 0.04613660176595052
2 0.4678403615951538 0.5777103424072265 0.04282622337341309 0.05416030883789062
2 0.588388204574585 0.6990696589152018 0.030136966705322267 0.03610687255859375
2 0.7462107181549072 0.5426064650217692 0.044412422180175784 0.060178152720133465
2 0.8247254848480224 0.509508466720581 0.030136966705322267 0.038112799326578774
2 0.8461385250091553 0.5716925303141276 0.04441232681274414 0.05416030883789062
2 0.8635862827301025 0.5315738201141358 0.03806772232055664 0.04613656997680664
2 0.8984817028045654 0.5767074267069499 0.03172311782836914 0.0401187260945638
2 0.9436870574951172 0.6138172149658203 0.03330917358398437 0.04212468465169271
2 0.9159293651580811 0.49145506223042806 0.04124002456665039 0.05416040420532227
2 0.8945163249969482 0.4051997502644857 0.042826175689697266 0.05817222595214844
2 0.8738962173461914 0.361069122950236 0.03330936431884766 0.04613656997680664
2 0.7803130865097045 0.3450216134389242 0.036481618881225586 0.04613656997680664
