2 0.4197676764239562 0.30695157219122726 0.021517999093511885 0.024276716926013422
2 0.4197676764239562 0.3577119803092553 0.03475984468951916 0.01986276839401094
2 0.3684555247394278 0.34447013471324794 0.014897076295508248 0.028690665458015848
2 0.4272162145717102 0.4724746421413187 0.04634645958602564 0.019862768394011
2 0.6548104357530861 0.5375803829883545 0.02482846049251375 0.030897639724016972
2 0.8435067354961902 0.5022687947323352 0.034759844689519245 0.02206974266001218
2 0.7640556619201464 0.5728919712443742 0.018207537694510022 0.0220697426600123
2 0.7408824321271336 0.6126175080323962 0.021517999093511975 0.03089763972401703
2 0.7897117377624105 0.5894442782393834 0.016552306995009047 0.028690665458015966
2 0.7797803535654051 0.6391011992244108 0.04634645958602564 0.017655794128009935
2 0.8733008880872066 0.6059965852343925 0.0480016902855267 0.0176557941280097
2 0.9179921169737316 0.5651675613133699 0.0413807674875228 0.019862768394011
2 0.7979878912599152 0.6711023260814284 0.033104613990018274 0.024276716926013363
2 0.9486138849144983 0.5364768958553541 0.04303599818702377 0.015448819862008575
