2 0.47534007037388387 0.3868025210230847 0.01214873307842046 0.012485089903752685
2 0.5334262363509152 0.5296003610206227 0.014426618933031765 0.017166926861317933
2 0.5740485937349392 0.5498885679111779 0.01214873307842046 0.0140456921518755
2 0.5163420668798494 0.5740784012748268 0.01214873307842046 0.02809132387735763
2 0.6328940379558532 0.6130941825946177 0.01594522654376025 0.021848854458473
2 0.6188470453640221 0.6318217721304518 0.013667315127667567 0.009363794767916999
2 0.5569644114831327 0.6895651731992734 0.009870821662327866 0.04369770891694612
2 0.6139116089713769 0.7145352925803853 0.011389429273056351 0.037455179071668114
2 0.6146709255574818 0.781642488417124 0.017463783031525893 0.037455179071667996
2 0.5436767354774065 0.8549922140991407 0.01063015102917344 0.03121264922639
