2 0.4203125 0.8895833333333333 0.028125 0.029166666666666667
2 0.309375 0.675 0.03125 0.029166666666666667
2 0.37265625 0.7260416666666667 0.0265625 0.027083333333333334
2 0.421875 0.7145833333333333 0.03125 0.0375
2 0.38671875 0.5927083333333333 0.0328125 0.03958333333333333
2 0.31328125 0.475 0.0390625 0.041666666666666664
2 0.28515625 0.525 0.0421875 0.0375
2 0.2453125 0.575 0.034375 0.029166666666666667
2 0.203125 0.5635416666666667 0.03125 0.022916666666666665
2 0.45703125 0.43854166666666666 0.0421875 0.05625
