2 0.5155307049623122 0.5617388867255121 0.015800468808471368 0.021990448661288773
2 0.5177556308187947 0.5492314364184765 0.016104472311842956 0.023952102840371362
2 0.44936229650887255 0.6009821737985646 0.01183268522913794 0.018338653363742925
2 0.44021061156945257 0.5943340586550223 0.014013112222599933 0.019864958576332487
2 0.40432866887758206 0.59865554046837 0.008847646846959423 0.013188658594782746
2 0.401388129358424 0.5900995569918962 0.012726363522073703 0.01940139840622095
2 0.3291605945309527 0.6343570823035994 0.01669411251231794 0.023053246434988614
2 0.28868433014856476 0.615653528885577 0.016890665010657814 0.0227536276331944
2 0.27823664392730635 0.6050680261476713 0.019482632985245642 0.02850286000574324
2 0.26535068634850767 0.6444982454017096 0.0173022232863282 0.02697655479315356
2 0.2587111680316768 0.6666385298295064 0.019286089134178043 0.02880247880753745
2 0.17993148044077784 0.6671890965154502 0.026739488715582006 0.03926635698255367
