2 0.24047117233276366 0.1805759350458781 0.018398475646972657 0.019863176345825195
2 0.39408948421478274 0.2669896125793457 0.020447683334350587 0.016341781616210936
2 0.33837711811065674 0.2703806559244792 0.020824241638183593 0.01432647705078125
2 0.3184690594673157 0.31297322909037273 0.01935908794403076 0.03033437728881836
2 0.39225101470947266 0.3886643727620443 0.020405292510986328 0.034037017822265626
2 0.4861410140991211 0.4443894545237223 0.020014286041259766 0.036185296376546223
2 0.47557570934295657 0.38537305196126304 0.0233095645904541 0.03131663004557292
2 0.4716007947921753 0.31910637219746907 0.02202153205871582 0.02217690149943034
2 0.49672105312347414 0.30272027651468914 0.02231593132019043 0.012732283274332682
2 0.4260543346405029 0.5619461695353191 0.023730373382568358 0.03823928833007813
