2 0.5219487080389509 0.25739681848801194 0.01203350719709162 0.017827418069765393
2 0.551363947854064 0.24759173854964095 0.01203350719709162 0.019610159876741987
2 0.5440101379002856 0.29216028372405456 0.016044676262788916 0.016044676262788885
2 0.5533695323869126 0.3545562469682334 0.01871878897325363 0.02317564349069503
2 0.782006169131654 0.17539069536709104 0.01871878897325363 0.021392901683718494
2 0.6523117026741106 0.4463674500275253 0.01871878897325372 0.010696450841859276
2 0.6950975060415476 0.4677603517112439 0.005348225420929609 0.014261934455812348
2 0.7412259502970656 0.42675729015078345 0.006685281776162099 0.01782741806976542
2 0.7512538729613086 0.4731085771321735 0.013370563552324022 0.01426193445581229
2 0.6810584143116073 0.523916718631005 0.012033507197091708 0.030306610718601235
2 0.6884122242653856 0.5613542965775122 0.01871878897325372 0.016044676262788826
2 0.7077995414162555 0.5961177618135548 0.022729958038950927 0.021392901683718435
2 0.759276211092703 0.5551147002530944 0.021392901683718435 0.010696450841859335
2 0.841505176939496 0.47667406074612656 0.01738173261802132 0.01782741806976542
