2 0.60703125 0.6625 0.0328125 0.05416666666666667
2 0.6265625 0.55 0.034375 0.05416666666666667
2 0.5703125 0.5666666666666667 0.04375 0.05
2 0.47734375 0.3625 0.0359375 0.03333333333333333
2 0.2875 0.41458333333333336 0.04375 0.058333333333333334
2 0.20234375 0.4010416666666667 0.0265625 0.04375
2 0.18984375 0.3229166666666667 0.0421875 0.075
2 0.165625 0.35625 0.0375 0.0625
2 0.1375 0.27708333333333335 0.034375 0.04583333333333333
2 0.1 0.20104166666666667 0.028125 0.052083333333333336
2 0.10546875 0.36354166666666665 0.0453125 0.05625
2 0.11328125 0.4510416666666667 0.0484375 0.04791666666666667
2 0.11953125 0.496875 0.0421875 0.027083333333333334
2 0.21953125 0.5697916666666667 0.0359375 0.04375
