2 0.789402635972233 0.5518683701400332 0.02427157337154968 0.0361160175463264
2 0.6152849194586791 0.6061065029575566 0.031004773405586494 0.044650867677231434
2 0.6018670028122297 0.5400472164555493 0.035141948517899646 0.045409845568820134
2 0.5567402942763919 0.6876201058971199 0.02221549580646611 0.0343839122385423
2 0.460543046077448 0.567527189380969 0.04274335346235736 0.0431186916277035
2 0.4381880955778672 0.7863115984222131 0.03406430214402878 0.04738123568281409
2 0.44169622567822453 0.7442117312287879 0.025149521086077976 0.038847922878001026
2 0.38563666410283154 0.6862180645012743 0.044736563998568714 0.051639628957476445
2 0.3337531335567254 0.6473071496866563 0.04950093933152751 0.0577622607175248
2 0.3230521909622828 0.44164037907295406 0.054685379410819836 0.0626264757718668
