2 0.5949414122109451 0.5659942482502126 0.020716504977582685 0.027375542147730178
2 0.5925101039313823 0.6120579057562249 0.022340654236331404 0.028187316443810197
2 0.6203090223779221 0.6021609677451585 0.02485986571558039 0.032850712916897604
2 0.6821567454321236 0.6556551358675038 0.027715906097873423 0.03484560259775146
2 0.8029767666010841 0.5497611678350455 0.022003792863874504 0.030855866528594098
2 0.830512077589991 0.41566336104461216 0.01696544728926206 0.021529147899233318
2 0.8601336547832759 0.43702817671017996 0.019539995193040484 0.028489745071703907
2 0.848885152730157 0.4994137022115128 0.019429244960096525 0.02389526935612357
2 0.8902954851652002 0.5474458773703735 0.035947158027843075 0.0434985659413746
2 0.6676162635891041 0.24269748256866078 0.026931491157929966 0.03558828278934942
2 0.9447948401527915 0.4569502797522145 0.02950601971573654 0.042548861382616286
2 0.9137655933053948 0.35160183277016643 0.027715889052205612 0.03484553657764415
2 0.9357344722540919 0.2676395439127211 0.02161165080449905 0.03122731909250908
