2 0.2734375 0.28125 0.025 0.029166666666666667
2 0.4921875 0.22083333333333333 0.03125 0.029166666666666667
2 0.43671875 0.26875 0.0296875 0.029166666666666667
2 0.4515625 0.328125 0.04375 0.03958333333333333
2 0.58203125 0.3416666666666667 0.0328125 0.0375
2 0.7 0.31979166666666664 0.028125 0.04791666666666667
2 0.6578125 0.2625 0.034375 0.04583333333333333
2 0.60234375 0.20104166666666667 0.0296875 0.03958333333333333
2 0.60625 0.16041666666666668 0.021875 0.03333333333333333
2 0.621875 0.471875 0.0375 0.04375
