2 0.22003698185125917 0.5075393867874747 0.026064573860807717 0.02786512856653006
2 0.2971758942519084 0.5431908315011464 0.024172958694520474 0.021365629831432937
2 0.3124819850694764 0.5293189639861657 0.018807173026449676 0.02228730222105906
2 0.3280702240107372 0.48806673071960144 0.024373028407784814 0.023354310075525752
2 0.3375283113232772 0.5066195513744421 0.02437302840778486 0.023354310075525752
2 0.3796626530960803 0.5415792825517458 0.022281355009336944 0.01911025120220729
2 0.466623873602839 0.5371788357377479 0.02199021718143852 0.02825331233706129
2 0.5168524394161691 0.5544954017612864 0.02317263309040616 0.01341103132016741
2 0.5280476177201526 0.565687855216656 0.016715476665794336 0.022020573219649956
2 0.6158001273757632 0.556048994099155 0.020189658648681608 0.01142232045979803
2 0.6238488173589731 0.5454995436841431 0.023772819267991796 0.013944489322985969
