2 0.774300620811905 0.3370795774623325 0.016317678576982787 0.03791459706282687
2 0.7239636087403161 0.5278025754154637 0.025180378865089014 0.045462537888352375
2 0.6766363429537037 0.49127438452913347 0.030191167695189057 0.0415738424824454
2 0.740776963574622 0.6444369254753359 0.019183231752612516 0.04284884050362988
2 0.7168522654018992 0.798228666624902 0.030938838700094083 0.05282007526997958
2 0.7392227725529261 0.8376935706537222 0.02009741808287089 0.04616681097781807
2 0.6551304169582375 0.814003293810099 0.03977499519833492 0.05664835098493839
2 0.6240416811286236 0.6501826606555215 0.04080969750441774 0.046731759664936943
2 0.6007776984887491 0.8479101290507898 0.04445546551403536 0.0538235884888195
2 0.4578281972931343 0.7174574905967136 0.051931502032226275 0.05829142297148664
