2 0.2505711793899536 0.4883454163869222 0.01786971092224121 0.022301197052001953
2 0.4380050182342529 0.463412602742513 0.02983827590942383 0.02886498769124349
2 0.4846158504486084 0.5081865628560384 0.03841714859008789 0.028937594095865885
2 0.4595856428146362 0.3689841906229655 0.01418309211730957 0.03911425272623698
2 0.6126942873001099 0.38576178550720214 0.044829511642456056 0.03549826939900716
2 0.5604008197784424 0.19061163266499836 0.03125143051147461 0.03035141626993815
2 0.5683061838150024 0.22397192319234213 0.022502374649047852 0.03897854487101237
2 0.6478177309036255 0.24597922960917154 0.04641890525817871 0.029544798533121745
2 0.7146010398864746 0.265939998626709 0.04944696426391602 0.038144620259602864
2 0.8150241851806641 0.4689363956451416 0.056934356689453125 0.07193810145060221
