2 0.531082578231495 0.16032706075548459 0.01686908553432085 0.024991237828623506
2 0.5723181206487238 0.14658187994974164 0.01686908553432085 0.02749036161148588
2 0.5620092350444166 0.20905997452130043 0.02249211404576119 0.02249211404576119
2 0.5751296349044439 0.29652930692148277 0.026240799720054664 0.03248860917721057
2 0.8956422600565407 0.045367366743816376 0.026240799720054754 0.029989485394348224
2 0.7138310048533044 0.4252341817388939 0.026240799720054754 0.014994742697174128
2 0.7738099756420008 0.45522366713324214 0.007497371348587123 0.019992990262898875
2 0.8384748035235642 0.39774382012740805 0.009371714185733992 0.024991237828623565
2 0.852532374802165 0.4627210384818292 0.01874342837146763 0.019992990262898757
2 0.7541293758519598 0.5339460662934062 0.016869085534320937 0.04248510430866001
2 0.764438261456267 0.5864276657335156 0.026240799720054754 0.02249211404576125
2 0.7916162325948953 0.6351605794993315 0.0318638282314951 0.029989485394348255
2 0.8637784318250455 0.5776807324934974 0.029989485394348137 0.014994742697174128
2 0.9790505163095714 0.4677192860475538 0.024366456882907884 0.024991237828623506
