2 0.5338694613947909 0.556752821875908 0.0170271546275929 0.028875209252147253
2 0.3504210583023582 0.8433049380864318 0.013880364187631278 0.028787011378815446
2 0.4117605013230639 0.725694923494944 0.016994595661680822 0.02508790240830905
2 0.38266723243804546 0.6926796448040166 0.010766148720939705 0.032486178146093184
2 0.3707721007737327 0.6118464672855846 0.008684551903230142 0.03432099445460987
2 0.3693873122478818 0.4678551018868596 0.00973349805724193 0.03435038411292517
2 0.3827384731842559 0.5013762323712797 0.005521481980312393 0.03233914315935872
2 0.44000159450071524 0.6137866760069589 0.01491299884397126 0.026922718716825975
2 0.41684503045553695 0.5004379884808902 0.01909245595498854 0.025146681724939886
2 0.44634539046228383 0.48611184492868326 0.019059896989076376 0.02135937488110174
