2 0.5975131273269654 1 0.019527769088745116 0.029097757736841836
2 0.5515784978866577 0.5961175600687663 0.029581880569458006 0.03727512359619141
2 0.4225431203842163 0.530088218053182 0.029333162307739257 0.01984688440958659
2 0.3780962944030762 0.5431363423665364 0.027387523651123048 0.03725369771321615
2 0.31008936166763307 0.5061901251475016 0.02725217342376709 0.029475307464599608
2 0.33155968189239504 0.547253958384196 0.013766765594482422 0.03234564463297526
2 0.41504697799682616 0.6584731101989746 0.027382755279541017 0.037509218851725264
2 0.3134365797042847 0.6598444938659668 0.013809633255004884 0.03073774973551432
2 0.33133448362350465 0.7443375905354818 0.02200462818145752 0.041516749064127605
2 0.37167245149612427 0.7833888053894043 0.025870442390441895 0.02981713612874349
2 0.2822107195854187 0.9120416005452474 0.02178032398223877 0.029944864908854167
