2 0.5 0.4635416666666667 0.015625 0.03125
2 0.54609375 0.790625 0.0140625 0.03125
2 0.534375 0.659375 0.0125 0.027083333333333334
2 0.51484375 0.678125 0.0140625 0.027083333333333334
2 0.48515625 0.65625 0.0140625 0.020833333333333332
2 0.43203125 0.6010416666666667 0.0140625 0.022916666666666665
2 0.446875 0.6 0.0125 0.016666666666666666
2 0.4984375 0.5854166666666667 0.0125 0.025
2 0.45234375 0.5645833333333333 0.0140625 0.029166666666666667
2 0.453125 0.528125 0.0125 0.027083333333333334
