2 0.5129866804916329 0.06425147075154392 0.030464642678723307 0.028551277148155647
2 0.7134115462292511 0.1290408925073271 0.017637358595617592 0.05271003764596854
2 0.8432869077983309 0.057662718941479 0.01763735859561777 0.024158791385078496
2 0.7887713110064822 0.17076967713652078 0.01122378634013268 0.030747531612418832
2 0.808012097559005 0.1927322063355197 0.017637358595617415 0.04831756732652419
2 0.9266635797398619 0.13672778313224823 0.02725778676491295 0.024158760497812893
2 0.8953972812377424 0.18833969740699338 0.028861191459795422 0.035140040540945175
2 0.8617259687413898 0.26850290813443517 0.03527481023932566 0.02855127714815566
2 0.7703321802773555 0.25861976304525086 0.02244757268026527 0.05271004536778496
2 0.7975899903042911 0.3157223018979293 0.02886114493575036 0.026355022683892494
2 0.808012097559005 0.3827079935616086 0.030464596154677892 0.03733627956157554
