2 0.4388671775305001 0.36240160479686345 0.025750017008921676 0.015279048967975524
2 0.5619843865640863 0.5371560089692384 0.030578145198094563 0.021008741112268817
2 0.6480859461473475 0.5619845211928287 0.025750017008921676 0.01718897000094728
2 0.5257734251452901 0.5915877118282602 0.025750017008921766 0.03437786904727259
2 0.7728125013488311 0.6393348152424693 0.03379683753388907 0.026738397779251244
2 0.7430390740774258 0.6622534419103989 0.028968769135036966 0.011459313333964853
2 0.6118749847285514 0.7329191719925376 0.02092188881974888 0.05347672460388052
2 0.7325781296675512 0.7634773054057995 0.02414064094586408 0.045837253335859175
2 0.7341875057306088 0.8456023488219029 0.03701564945032505 0.04583718238123744
2 0.5837109335202036 0.9353668989833385 0.022531205092485695 0.03819764015859413
