2 0.3464301132168183 0.24511558332119693 0.02488507516599503 0.034218525976397275
2 0.36043168785015794 0.3312513920626234 0.019713306501998852 0.02782871088820915
2 0.374204009689994 0.34098819084204235 0.018453083599814058 0.02458309722566927
2 0.4046086058065539 0.3415649236964628 0.019852411049072937 0.028804930292893438
2 0.39783296661859596 0.3571084594101437 0.021390861207639576 0.030427751193563602
2 0.39592640430960524 0.4175899408614318 0.018526749619259552 0.031835028882638325
2 0.4350626758474158 0.5299695566240298 0.02152998391694725 0.030972912313857393
2 0.4462287444102813 0.598184720065723 0.01489343111382988 0.029667018722873806
2 0.4441011477184871 0.6148629247695312 0.016497301637791485 0.02577485984194894
2 0.4852627444107405 0.7202568019276004 0.01335498095526324 0.025445185655649755
2 0.49550401020138146 0.7248526277918631 0.01761841999290219 0.03205054395543338
