2 0.36589135213633955 0.23699977838656536 0.013175697154785393 0.018764599904845032
2 0.5355915131841188 0.2762668808400573 0.016659903214742488 0.027058759682033202
2 0.4404861567343076 0.8828942197775418 0.017088408896566508 0.015945113616686275
2 0.4071465629974484 0.8636711566224465 0.016575360708438104 0.025457438567280614
2 0.4327960860394976 0.7566470276760131 0.011642216777965064 0.02818112168943448
2 0.4914441107604192 0.6655953490687545 0.012662672749628711 0.02827692708830109
2 0.4047504556786247 0.6663072773954949 0.01717297686048913 0.017546468674929726
2 0.38366761189894605 0.6868580587883196 0.018362567085351424 0.02084495247965409
2 0.33532278140783695 0.6799052675219291 0.015385770483575766 0.022158954762556013
2 0.35909772829088143 0.7054721651104371 0.012408945074889344 0.023472859680708898
2 0.37715304842673775 0.8005065554879491 0.013598562432016115 0.02677140913955327
