2 0.44185860329288734 0.540407294736891 0.028680073353556247 0.01979651887931109
2 0.14740985019637579 0.326976075569318 0.028680073353556334 0.01608467158944021
2 0.2678661582813123 0.3981198152918423 0.024856063573082166 0.019796518879311147
2 0.30037024141534285 0.36347590725304785 0.032504083134030505 0.012372824299569452
2 0.38163044925041906 0.34862851809356454 0.034416088024267655 0.009898259439655574
2 0.5269428209084378 0.34553531201867216 0.034416088024267655 0.011135541869612513
2 0.49348273532928866 0.3616199836081125 0.032504083134030456 0.006186412149784755
2 0.38163044925041906 0.4302891584707229 0.02676806846331923 0.01732195401939721
2 0.4953947402195258 0.40183166258171316 0.02485606357308221 0.022271083739225025
2 0.5106907793414225 0.4364755706205076 0.021032053792607995 0.022271083739225025
