2 0.42185053825378416 0.9118284861246745 0.035488224029541014 0.03562088012695312
2 0.335394024848938 0.6361349741617839 0.04305844306945801 0.041280237833658855
2 0.39557336568832396 0.5959304173787435 0.04126331806182861 0.052933756510416666
2 0.24981069564819336 0.5700525601704916 0.03361663818359375 0.02892462412516276
2 0.3461174964904785 0.37997002601623536 0.036006927490234375 0.07047910690307617
2 0.1381335973739624 0.42046170234680175 0.04263765811920166 0.04387979507446289
2 0.1773941159248352 0.41001871426900227 0.03614811897277832 0.03040202458699544
2 0.22295883893966675 0.30277206103007 0.0452991247177124 0.06700614293416342
2 0.25010291337966917 0.20449405511220295 0.0507551908493042 0.07405400276184082
2 0.4387470006942749 0.1147318442662557 0.054088258743286134 0.08561031023661296
