2 0.3252026319503784 0.902631918589274 0.025351953506469727 0.03484147389729818
2 0.5290371179580688 0.3749062538146973 0.034654760360717775 0.043635622660319014
2 0.6296412467956543 0.49067861239115396 0.029965782165527345 0.029623635609944663
2 0.6725916147232056 0.5005335966746013 0.03220047950744629 0.04237445195515951
2 0.7250335454940796 0.5632439613342285 0.030124711990356445 0.0361416498819987
2 0.7151872396469117 0.5187796274820964 0.019215822219848633 0.031974538167317705
2 0.6661696910858155 0.38746918042500816 0.03211908340454102 0.042146460215250654
2 0.7566471576690674 0.43367196718851725 0.018651866912841798 0.030285422007242838
2 0.7596166372299195 0.3561498324076335 0.027921342849731447 0.04211222330729167
2 0.7328299045562744 0.3056806087493896 0.028642940521240234 0.03489993413289388
2 0.8388804435729981 0.24389467239379883 0.024691200256347655 0.032464122772216795
