2 0.6952413291060376 0.22246768186197702 0.03308943053721318 0.045396554297580556
2 0.642357402442784 0.5006865582246945 0.042764006530115674 0.05699775262982622
2 0.569500183853346 0.48653977061335024 0.04777687037464009 0.05872077975663288
2 0.6870030994252747 0.6275560776715075 0.031179043588911704 0.04382033750023488
2 0.5100890958860475 0.7043245567300406 0.05708401799059928 0.059161253175746845
2 0.7122709833101226 0.8531094426915257 0.047899228553325554 0.0624409789636123
2 0.6723726279706367 0.8252712765052834 0.03571825602224958 0.04997830949869441
2 0.5803662128805736 0.8758662318184451 0.06114979131728271 0.06975417004585935
2 0.5102765961720087 0.9303183951691726 0.0675995322352767 0.07748835884166448
2 0.3055433390330367 0.8359564802154473 0.0733307638483586 0.08221692437223933
