2 0.478125 0.9979166666666667 0.025 0.0
2 0.30078125 0.8697916666666666 0.0359375 0.07291666666666667
2 0.153125 0.9041666666666667 0.028125 0.0375
2 0.196875 0.7916666666666666 0.0125 0.03333333333333333
2 0.1796875 0.7666666666666667 0.01875 0.05
2 0.0671875 0.809375 0.025 0.027083333333333334
2 0.0984375 0.7625 0.028125 0.0375
2 0.13359375 0.6885416666666667 0.0328125 0.03125
2 0.21796875 0.7072916666666667 0.0234375 0.052083333333333336
2 0.1984375 0.65 0.03125 0.029166666666666667
2 0.203125 0.5822916666666667 0.034375 0.03958333333333333
