2 0.6811697483062744 0.18850986957550048 0.015691852569580077 0.02154399553934733
2 0.6640513658523559 0.49012568791707356 0.024251127243041994 0.028725306193033855
2 0.12553494572639465 0.38599640528361 0.014265334606170655 0.028725306193033855
2 0.13980029225349427 0.3240574518839518 0.02282453775405884 0.02692998250325521
2 0.24108415842056274 0.3554757754007975 0.02567760944366455 0.01795330047607422
2 0.3295292377471924 0.4479353586832682 0.022824573516845702 0.019748687744140625
2 0.32097004652023314 0.29443448384602866 0.014265322685241699 0.028725306193033855
2 0.2995720386505127 0.2594254970550537 0.019971466064453124 0.03052066167195638
2 0.2981454968452454 0.17504488627115886 0.019971489906311035 0.02692998250325521
2 0.27888729572296145 0.2199281851450602 0.021398019790649415 0.019748655954996745
2 0.19400855898857117 0.26301616032918296 0.025677597522735594 0.023339335123697916
