2 0.8223853328229321 0.5343012302246599 0.030395620932953272 0.03207966868898448
2 0.7449246806912388 0.49699730738179415 0.02551624192952353 0.024383627796067366
2 0.7236263805489014 0.5131905950152595 0.017860928319924606 0.027537814323642943
2 0.6960484560219905 0.5601247235709815 0.02473207838092799 0.025806069909607862
2 0.6902445731320606 0.5398882367010376 0.026637167840850927 0.026426852440186128
2 0.6497559092244238 0.49971019092635566 0.024460381664673746 0.021689782985998225
2 0.5455800104761064 0.5020671281783871 0.019928055741285 0.03271282911939473
2 0.49051988142773056 0.4818543625915524 0.02519080480065563 0.014698411211670504
2 0.48041061287760745 0.4681479075607016 0.016477616341336977 0.025074104073500376
2 0.3804340073943684 0.4802565789966671 0.02126764578336928 0.01383083295980801
2 0.37049347393916954 0.4942435876574348 0.024827090559257314 0.01913463599193529
