2 0.3852989196777344 0.3967976888020833 0.03922281265258789 0.0064849853515625
2 0.5487548828125 0.46418169339497883 0.038942146301269534 0.012330341339111327
2 0.499049711227417 0.4904285589853922 0.0329096794128418 0.016802183787027993
2 0.6561350107192994 0.4700850327809652 0.036589956283569335 0.007773049672444661
2 0.7695276975631714 0.5059429009755453 0.037021207809448245 0.015166950225830079
2 0.8092329025268554 0.4973694483439128 0.03586769104003906 0.007776323954264323
2 0.7558106422424317 0.5445023536682129 0.03536167144775391 0.020516395568847656
2 0.6158053159713746 0.5438546816507975 0.029074811935424806 0.022873369852701823
2 0.7590162754058838 0.5788925170898438 0.029009342193603516 0.023340733846028645
2 0.6094131469726562 0.6434336026509603 0.03368949890136719 0.025673484802246092
