2 0.44445104598999025 0.6090368588765462 0.015434455871582032 0.02177270253499349
2 0.4135278701782227 0.6360642433166503 0.013939571380615235 0.025722440083821616
2 0.43734126091003417 0.6590947469075521 0.018492412567138673 0.026022974650065103
2 0.4421428680419922 0.7584482828776041 0.016986846923828125 0.03187103271484375
2 0.5856751441955567 0.818440310160319 0.019945526123046876 0.019765853881835938
2 0.6895928382873535 0.7620944976806641 0.010816001892089843 0.019287745157877605
2 0.6943364143371582 0.8070856730143229 0.02000417709350586 0.015729522705078124
2 0.6469006776809693 0.8348847389221191 0.010807561874389648 0.023266029357910157
2 0.6418657302856445 0.9088845570882161 0.01850738525390625 0.044049072265625
2 0.699588394165039 0.47651650110880533 0.020230960845947266 0.028786214192708333
2 0.734489631652832 0.909116268157959 0.029195308685302734 0.02437458038330078
2 0.7836307287216187 0.8093636194864909 0.01698470115661621 0.03204943339029948
2 0.8524875640869141 0.7789514223734538 0.02173309326171875 0.018010266621907554
