2 0.4616497039794922 0.11734263896942139 0.028953361511230468 0.013017590840657551
2 0.5731181859970093 0.2696349223454793 0.031509923934936526 0.024343538284301757
2 0.5315674781799317 0.32216790517171223 0.026154518127441406 0.03318188985188802
2 0.6563553810119629 0.2879425684611003 0.030203914642333983 0.01715221405029297
2 0.7413734674453736 0.37985132535298666 0.03631081581115723 0.030759334564208984
2 0.7792169094085694 0.3641042391459147 0.03319005966186524 0.014574050903320312
2 0.7187309503555298 0.46727210680643716 0.03331389427185059 0.04355204900105794
2 0.606294846534729 0.4507731914520264 0.025536012649536134 0.04800087610880534
2 0.7116515398025512 0.5470405737559001 0.02988286018371582 0.04924592971801758
2 0.5781505107879639 0.6599297523498535 0.028238582611083984 0.0473452885945638
