2 0.5689232349395752 0.6170505205790202 0.020055484771728516 0.027234331766764323
2 0.5584304571151734 0.6593704541524251 0.020917272567749022 0.029481824239095053
2 0.5863075256347656 0.6612833340962728 0.024178314208984374 0.032900428771972655
2 0.6353449821472168 0.737325382232666 0.026229667663574218 0.03707701365152995
2 0.7689740419387817 0.6859704653422037 0.022735166549682616 0.029473304748535156
2 0.8176610469818115 0.5701791445414225 0.01627950668334961 0.022325960795084636
2 0.8425844192504883 0.6022135734558105 0.020742416381835938 0.026000277201334635
2 0.8215177059173584 0.6568016688028971 0.018366146087646484 0.025856145222981772
2 0.853676176071167 0.719746208190918 0.03387880325317383 0.04830029805501302
2 0.6926816940307617 0.346963898340861 0.02587289810180664 0.03426491419474284
2 0.9212776184082031 0.6555320421854655 0.03135108947753906 0.039625358581542966
2 0.9080214023590087 0.5432143211364746 0.02662496566772461 0.03644097646077474
2 0.942441749572754 0.4732866923014323 0.022739410400390625 0.028374862670898438
