2 0.4441485639995716 0.26014742037180305 0.02429567029430668 0.007325488127654308
2 0.5470002349121363 0.35318111959301274 0.02591538164726046 0.014650976255308557
2 0.5121764408236302 0.38541326735469167 0.021056247588399125 0.020511366757432075
2 0.6215069571480101 0.3663669982227905 0.02591538164726037 0.008790585753185158
2 0.7033023804721757 0.4227732568057286 0.02753509300021424 0.019046269131901224
2 0.7340768961782975 0.413250122239778 0.02753509300021415 0.008790585753185217
2 0.6911545453250225 0.47624932013760496 0.02591538164726037 0.026371757259555532
2 0.5891127300889345 0.4645285391333581 0.019436536235445345 0.029301952510617173
2 0.6919644010014994 0.5253300905928888 0.021056247588399125 0.030767050136148142
2 0.5793944619712119 0.6007826183077281 0.022675958941352815 0.03223214776167893
