2 0.43671875 0.5947916666666667 0.0234375 0.03125
2 0.2765625 0.2947916666666667 0.025 0.027083333333333334
2 0.346875 0.36770833333333336 0.021875 0.03125
2 0.3734375 0.3302083333333333 0.021875 0.01875
2 0.42734375 0.328125 0.0234375 0.01875
2 0.52265625 0.35104166666666664 0.0234375 0.01875
2 0.4984375 0.36354166666666665 0.021875 0.014583333333333334
2 0.41875 0.42083333333333334 0.021875 0.025
2 0.49609375 0.4083333333333333 0.0171875 0.029166666666666667
2 0.5015625 0.45 0.015625 0.029166666666666667
