2 0.6542807771928197 0.07023344359474877 0.03568144897492411 0.05441763095924965
2 0.6126947089976502 0.14027811347874666 0.03550053033714597 0.04714786745818263
2 0.581062903755044 0.0954173736797889 0.023104246945133244 0.04804069777826232
2 0.5560019591582697 0.31396171051854344 0.031708001572752664 0.03666211143710925
2 0.6790921071814658 0.5006088726492816 0.04262540974113653 0.059660508969786245
2 0.8282618969002687 0.5333823686824063 0.03543071546539149 0.04672046961646619
2 0.717041039416453 0.5973398735795696 0.025795500822156113 0.037127543915472926
2 0.6642091331412612 0.6479194325745623 0.04124487536674799 0.05923311112806999
2 0.7152637603306309 0.638696852760314 0.0377728949836416 0.05748548512455779
2 0.657963321092594 0.7225553749993878 0.043364847352951055 0.04828192262863323
2 0.7404403089093063 0.7353537845132531 0.043364847352950965 0.04766835179557146
2 0.8063794102108398 0.6958545350540717 0.04244449110335857 0.04950906429475654
2 0.6393005812047796 0.7893460177267321 0.03844251772370146 0.0461068987834049
2 0.8516262589572449 0.6685145984421268 0.03904232559200693 0.043652615451158165
