2 0.7773850298523953 0.186318454695812 0.023180523321033063 0.03328485399943194
2 0.7319155417996 0.5429418904040112 0.032096109213738 0.02852987485665596
2 0.07840309586432492 0.41455745354905943 0.019614288963950965 0.04279481228498394
2 0.10247517777462836 0.3265903394077037 0.032096109213737935 0.04279481228498388
2 0.23799208334374405 0.35274272469297163 0.03566234357081992 0.02852987485665596
2 0.3414128796991219 0.4692397136909834 0.028529874856655944 0.028529874856655903
2 0.33695508675276936 0.27190807926577976 0.02318052332103293 0.03803983314220793
2 0.30485897753903146 0.22673577740940792 0.03031299203519695 0.03803983314220793
2 0.28881092293216243 0.12450372583972416 0.030312992035196905 0.033284853999431915
2 0.27008819255748195 0.18037473076734203 0.032096109213737914 0.026152385285267955
2 0.16666739620210422 0.24456694919481786 0.03566234357081992 0.030907364428043968
