2 0.9557970523834228 0.5968013445536295 0.021739101409912108 0.021885490417480467
2 0.46521739959716796 0.5715488433837891 0.026086997985839844 0.03198649088541667
2 0.5065217256546021 0.42340067227681477 0.013043451309204101 0.03198652267456055
2 0.4942028999328613 0.374579127629598 0.026086997985839844 0.0286195437113444
2 0.517391300201416 0.29713803927103677 0.020289802551269533 0.0286195437113444
2 0.48840579986572263 0.3232323169708252 0.023188400268554687 0.013468011220296224
2 0.4115942120552063 0.42171716690063477 0.026086974143981933 0.02861951192220052
2 0.4050724744796753 0.309764305750529 0.02173914909362793 0.013468011220296224
2 0.34492753744125365 0.3341750780741374 0.02898552417755127 0.021885490417480467
2 0.3188405752182007 0.3804713884989421 0.020289850234985352 0.02693602244059245
2 0.2231884002685547 0.2904040336608887 0.020289850234985352 0.02188555399576823
