2 0.33700243414979647 0.8121864622526235 0.017255395780744733 0.02422193393159695
2 0.2932223016590553 0.5406997994831215 0.024207946696342388 0.03135529732758518
2 0.7641289056786491 0.45458384072055985 0.016361417845563154 0.02958116185332885
2 0.7645581888207367 0.5122825739482485 0.02303517481930637 0.030876282242032125
2 0.6777326368410316 0.514062371176887 0.023566226281728664 0.023937677294395242
2 0.5883136827894335 0.45989122053653675 0.023929138786446737 0.02551699353096524
2 0.6254288590860984 0.5907108876233096 0.017534173910619 0.030060198021521954
2 0.6489242980676593 0.614801072467574 0.0202426264815311 0.03259770817314814
2 0.6644027916973 0.6905385006343802 0.020326702944403863 0.028338777975712284
2 0.6725170931207365 0.6448980290012954 0.020410795219256705 0.024079826695636204
2 0.7323731424844914 0.5815765169706094 0.023119263602148978 0.02661731576462228
